0.976036	0.103329	-1.77065	0	-2.65597	-0.154993	0	0	0	0
0.969928	-2.12397	1.30351	0	1.95527	3.18595	0	0	0	0
0.9332	-0.225312	-0.562225	0	-0.843338	0.337968	0	0	0	0
0.961091	-1.14316	-1.81257	0	-2.71885	1.71473	0	0	0	0
0.999329	-1.70396	-0.631575	0	-0.947362	2.55594	0	0	0	0
0.982591	0.0570646	1.88851	0	2.83276	-0.0855969	0	0	0	0
0.990608	0.21676	-0.342847	0	-0.51427	-0.32514	0	0	0	0
0.956318	0.425437	-2.48698	0	-3.73046	-0.638155	0	0	0	0
0.940969	0.571196	0.242679	0	0.364018	-0.856794	0	0	0	0
0.923137	1.088	1.84466	0	2.76699	-1.632	0	0	0	0
0.931302	-0.245178	0.390487	0	0.58573	0.367768	0	0	0	0
0.909989	-0.773084	-0.130173	0	-0.19526	1.15963	0	0	0	0
0.965913	0.0985734	-0.255914	0	-0.38387	-0.14786	0	0	0	0
0.917476	0.370667	-0.428728	0	-0.643092	-0.556001	0	0	0	0
0.970516	0.218044	0.818221	0	1.22733	-0.327066	0	0	0	0
0.911662	-1.25597	0.286351	0	0.429527	1.88396	0	0	0	0
0.983143	-1.31998	0.741463	0	1.11219	1.97996	0	0	0	0
0.98571	0.520821	1.23974	0	1.85961	-0.781231	0	0	0	0
0.960101	0.963393	-0.071118	0	-0.106677	-1.44509	0	0	0	0
0.934043	1.06409	-0.900123	0	-1.35018	-1.59614	0	0	0	0
0.921139	0.391789	-0.303537	0	-0.455306	-0.587684	0	0	0	0
0.911066	1.02723	1.76537	0	2.64805	-1.54084	0	0	0	0
0.910236	0.393035	-0.478899	0	-0.718348	-0.589553	0	0	0	0
0.921874	1.07622	-0.810554	0	-1.21583	-1.61433	0	0	0	0
0.948148	-0.264549	-2.16013	0	-3.24019	0.396823	0	0	0	0
0.925357	-1.1397	-0.21068	0	-0.316021	1.70955	0	0	0	0
0.968908	-0.012412	-0.506416	0	-0.759624	0.0186181	0	0	0	0
0.950769	0.00679132	0.19563	0	0.293445	-0.010187	0	0	0	0
0.955106	-1.31097	1.25241	0	1.87861	1.96646	0	0	0	0
0.940908	1.52668	-0.552815	0	-0.829223	-2.29001	0	0	0	0
0.904017	-0.791794	1.57705	0	2.36557	1.18769	0	0	0	0
0.99587	0.510934	-1.47616	0	-2.21424	-0.7664	0	0	0	0
0.918515	-1.03228	-1.03635	0	-1.55452	1.54843	0	0	0	0
0.96122	-1.55546	-0.528729	0	-0.793094	2.33319	0	0	0	0
0.921765	1.84184	0.400476	0	0.600714	-2.76276	0	0	0	0
0.969927	0.0647535	-0.00344211	0	-0.00516316	-0.0971302	0	0	0	0
0.917892	-1.21458	-0.207014	0	-0.310521	1.82187	0	0	0	0
0.913083	-0.0827437	0.588125	0	0.882187	0.124116	0	0	0	0
0.96506	-0.594159	1.14611	0	1.71916	0.891238	0	0	0	0
0.973558	0.352348	-0.521362	0	-0.782043	-0.528522	0	0	0	0
0.902084	0.754482	-0.366859	0	-0.550289	-1.13172	0	0	0	0
0.963828	-1.35856	0.849818	0	1.27473	2.03784	0	0	0	0
0.946917	0.843652	0.240444	0	0.360666	-1.26548	0	0	0	0
0.993329	0.184426	-0.258522	0	-0.387783	-0.276639	0	0	0	0
0.978992	-0.273007	0.12602	0	0.18903	0.40951	0	0	0	0
0.992888	1.22896	-0.574364	0	-0.861546	-1.84344	0	0	0	0
0.967733	1.13193	1.12762	0	1.69142	-1.69789	0	0	0	0
0.974453	-0.849286	-0.42844	0	-0.64266	1.27393	0	0	0	0
0.917464	-0.446861	-0.232584	0	-0.348876	0.670291	0	0	0	0
0.90083	0.093274	-0.737277	0	-1.10592	-0.139911	0	0	0	0
0.971518	0.0505917	-0.280661	0	-0.420992	-0.0758875	0	0	0	0
0.982013	-0.540344	-1.27954	0	-1.91931	0.810517	0	0	0	0
0.973334	-1.14909	-0.786852	0	-1.18028	1.72364	0	0	0	0
0.946866	0.350155	-0.162935	0	-0.244403	-0.525233	0	0	0	0
0.967379	-1.47096	0.117522	0	0.176282	2.20644	0	0	0	0
0.970858	-1.3148	1.25147	0	1.8772	1.9722	0	0	0	0
0.926821	-1.04963	-1.3995	0	-2.09925	1.57445	0	0	0	0
0.977272	-0.758306	-0.493034	0	-0.739551	1.13746	0	0	0	0
0.917365	0.749065	0.649226	0	0.973839	-1.1236	0	0	0	0
0.959162	-1.46646	-0.131171	0	-0.196757	2.19969	0	0	0	0
0.960004	-1.71335	0.26746	0	0.401191	2.57002	0	0	0	0
0.916682	-0.324069	-2.7385	0	-4.10775	0.486103	0	0	0	0
0.944704	1.49796	-1.74448	0	-2.61672	-2.24694	0	0	0	0
0.977716	-0.87818	0.43032	0	0.645481	1.31727	0	0	0	0
0.963436	0.44274	0.236203	0	0.354304	-0.66411	0	0	0	0
0.993578	-0.558263	-0.872839	0	-1.30926	0.837395	0	0	0	0
0.913326	-1.27749	-0.186194	0	-0.279291	1.91623	0	0	0	0
0.904799	2.0487	1.02455	0	1.53683	-3.07306	0	0	0	0
0.913582	1.12206	-1.35728	0	-2.03591	-1.68308	0	0	0	0
0.964418	-0.399558	-0.471088	0	-0.706632	0.599337	0	0	0	0
0.967126	-0.181499	0.486035	0	0.729052	0.272249	0	0	0	0
0.997305	1.50564	-0.518277	0	-0.777416	-2.25846	0	0	0	0
0.980619	-0.295981	2.10618	0	3.15927	0.443971	0	0	0	0
0.955311	0.402941	-0.27521	0	-0.412815	-0.604411	0	0	0	0
0.942589	0.803706	0.584496	0	0.876744	-1.20556	0	0	0	0
0.970502	-0.601066	-0.542776	0	-0.814164	0.901599	0	0	0	0
0.942597	1.24715	0.374036	0	0.561054	-1.87072	0	0	0	0
0.905768	0.793277	-0.860418	0	-1.29063	-1.18992	0	0	0	0
0.910089	0.424113	1.08468	0	1.62702	-0.63617	0	0	0	0
0.978042	-0.464441	-0.0721331	0	-0.1082	0.696662	0	0	0	0
0.945272	-0.106726	-1.19881	0	-1.79822	0.160089	0	0	0	0
0.989773	-1.03098	1.04422	0	1.56633	1.54647	0	0	0	0
0.915664	1.03285	-0.337025	0	-0.505537	-1.54928	0	0	0	0
0.932808	0.392212	0.94045	0	1.41067	-0.588317	0	0	0	0
0.944109	-0.883519	0.97304	0	1.45956	1.32528	0	0	0	0
0.970167	0.93192	1.54874	0	2.32311	-1.39788	0	0	0	0
0.960609	-0.541635	1.5349	0	2.30235	0.812453	0	0	0	0
0.931453	-0.793977	0.141988	0	0.212982	1.19097	0	0	0	0
0.91989	-0.562491	1.5945	0	2.39175	0.843737	0	0	0	0
0.90806	2.36681	-0.669471	0	-1.00421	-3.55022	0	0	0	0
0.994764	-0.300538	1.88593	0	2.8289	0.450807	0	0	0	0
0.946369	0.106838	-2.3161	0	-3.47415	-0.160257	0	0	0	0
0.965281	-0.178142	1.25071	0	1.87607	0.267213	0	0	0	0
0.980345	-0.420135	-0.995287	0	-1.49293	0.630202	0	0	0	0
0.916879	0.109133	-2.24738	0	-3.37108	-0.1637	0	0	0	0
0.917291	-0.0995774	0.0452736	0	0.0679104	0.149366	0	0	0	0
0.940046	-0.594278	-1.80899	0	-2.71349	0.891417	0	0	0	0
0.903988	0.234571	-0.0404916	0	-0.0607374	-0.351857	0	0	0	0
0.924485	-0.950138	-0.840802	0	-1.2612	1.42521	0	0	0	0
0.931306	-0.993363	0.884475	0	1.32671	1.49004	0	0	0	0
0.994548	2.09939	-1.38685	0	-2.08028	-3.14909	0	0	0	0
0.943822	-0.587147	-1.39702	0	-2.09553	0.880721	0	0	0	0
0.964048	0.118768	1.39041	0	2.08562	-0.178152	0	0	0	0
0.981749	-0.291879	-0.0399094	0	-0.0598641	0.437818	0	0	0	0
0.974702	-0.234063	0.661978	0	0.992968	0.351094	0	0	0	0
0.963045	0.313327	-0.0362582	0	-0.0543873	-0.46999	0	0	0	0
0.917206	0.495919	0.48902	0	0.733529	-0.743878	0	0	0	0
0.909496	-0.336803	-1.56373	0	-2.3456	0.505205	0	0	0	0
0.97072	-0.208931	0.677388	0	1.01608	0.313396	0	0	0	0
0.954125	0.751185	-1.98509	0	-2.97763	-1.12678	0	0	0	0
0.925309	1.11127	0.275274	0	0.412911	-1.6669	0	0	0	0
0.936031	-2.1084	-0.706258	0	-1.05939	3.16261	0	0	0	0
0.934342	0.66722	-0.122919	0	-0.184379	-1.00083	0	0	0	0
0.952341	-0.185249	0.242966	0	0.364448	0.277873	0	0	0	0
0.986233	-0.424713	-0.179752	0	-0.269629	0.63707	0	0	0	0
0.933943	0.288455	0.564574	0	0.846861	-0.432683	0	0	0	0
0.941716	0.0137215	0.0760127	0	0.114019	-0.0205823	0	0	0	0
0.938072	1.88953	-0.521319	0	-0.781979	-2.8343	0	0	0	0
0.901714	0.984983	0.897193	0	1.34579	-1.47747	0	0	0	0
0.912086	-0.0210083	0.138641	0	0.207961	0.0315124	0	0	0	0
0.911796	1.9701	-0.162776	0	-0.244163	-2.95514	0	0	0	0
0.998196	0.519457	-0.40266	0	-0.60399	-0.779186	0	0	0	0
0.92625	-1.31587	-0.0526506	0	-0.0789758	1.9738	0	0	0	0
0.999171	-0.466052	-0.655651	0	-0.983477	0.699078	0	0	0	0
0.916379	-0.642221	-1.31291	0	-1.96936	0.963332	0	0	0	0
0.942957	0.0307466	-2.18184	0	-3.27276	-0.0461199	0	0	0	0
0.951239	0.30343	0.474755	0	0.712133	-0.455146	0	0	0	0
0.921423	-1.46674	0.125152	0	0.187728	2.20012	0	0	0	0
0.98999	-0.02667	-1.26605	0	-1.89908	0.040005	0	0	0	0
0.941202	-0.19011	-0.838772	0	-1.25816	0.285164	0	0	0	0
0.900785	-0.440648	0.518272	0	0.777408	0.660972	0	0	0	0
0.954201	-0.242112	0.123661	0	0.185492	0.363168	0	0	0	0
0.907655	-1.22013	0.277294	0	0.41594	1.8302	0	0	0	0
0.990796	0.774917	0.873836	0	1.31075	-1.16238	0	0	0	0
0.943933	0.483341	1.47605	0	2.21408	-0.725012	0	0	0	0
0.960586	1.02678	-0.611976	0	-0.917963	-1.54017	0	0	0	0
0.972568	-0.670448	0.665105	0	0.997657	1.00567	0	0	0	0
0.907643	0.350005	-0.0994564	0	-0.149185	-0.525008	0	0	0	0
0.940666	-0.461653	0.802714	0	1.20407	0.692479	0	0	0	0
0.923193	0.0287832	1.74887	0	2.6233	-0.0431749	0	0	0	0
0.974095	2.07022	-0.169611	0	-0.254416	-3.10532	0	0	0	0
0.921541	0.982896	2.23952	0	3.35929	-1.47434	0	0	0	0
0.952752	-0.34529	0.552191	0	0.828286	0.517935	0	0	0	0
0.915661	0.00424103	1.27587	0	1.91381	-0.00636154	0	0	0	0
0.957643	-0.929023	0.426821	0	0.640232	1.39353	0	0	0	0
0.9812	-0.0144884	0.591193	0	0.886789	0.0217326	0	0	0	0
0.94213	-1.86635	1.43466	0	2.15199	2.79952	0	0	0	0
0.923196	-0.345982	-1.44887	0	-2.1733	0.518973	0	0	0	0
0.929312	0.664092	-0.148769	0	-0.223153	-0.996138	0	0	0	0
0.947211	0.00371925	1.61747	0	2.42621	-0.00557887	0	0	0	0
0.999897	-0.603811	0.84236	0	1.26354	0.905716	0	0	0	0
0.960761	-1.20426	0.749467	0	1.1242	1.80639	0	0	0	0
0.97047	-0.252983	1.38892	0	2.08337	0.379475	0	0	0	0
0.947794	0.188754	1.14816	0	1.72224	-0.28313	0	0	0	0
0.95137	0.318635	-0.395976	0	-0.593964	-0.477953	0	0	0	0
0.999993	0.292164	1.8551	0	2.78266	-0.438247	0	0	0	0
0.990363	-1.11945	0.366156	0	0.549234	1.67918	0	0	0	0
0.97946	0.874807	0.110246	0	0.165369	-1.31221	0	0	0	0
0.933948	-1.04178	0.548933	0	0.823399	1.56267	0	0	0	0
0.927231	-1.42136	1.72922	0	2.59382	2.13204	0	0	0	0
0.967297	0.904914	-1.09379	0	-1.64068	-1.35737	0	0	0	0
0.977329	-1.17822	-0.0968156	0	-0.145223	1.76733	0	0	0	0
0.960731	-0.225473	-0.649233	0	-0.97385	0.338209	0	0	0	0
0.99893	-1.01415	1.4804	0	2.2206	1.52123	0	0	0	0
0.984612	0.908096	-0.0889671	0	-0.133451	-1.36214	0	0	0	0
0.979603	0.835578	0.824078	0	1.23612	-1.25337	0	0	0	0
0.964955	-0.557771	0.169354	0	0.25403	0.836657	0	0	0	0
0.96855	-2.09021	0.163537	0	0.245305	3.13532	0	0	0	0
0.961448	-1.16794	0.578	0	0.867	1.75191	0	0	0	0
0.938388	-0.0549463	-0.663574	0	-0.995361	0.0824194	0	0	0	0
0.981692	-0.506847	0.384789	0	0.577184	0.76027	0	0	0	0
0.927752	0.0205703	0.572473	0	0.858709	-0.0308554	0	0	0	0
0.970601	1.63367	-1.93717	0	-2.90576	-2.45051	0	0	0	0
0.947193	-0.141356	0.347303	0	0.520955	0.212034	0	0	0	0
0.94837	1.43826	0.711158	0	1.06674	-2.1574	0	0	0	0
0.989179	0.251715	-0.181625	0	-0.272437	-0.377573	0	0	0	0
0.964743	-1.31912	0.205539	0	0.308309	1.97868	0	0	0	0
0.998209	-0.351266	1.37558	0	2.06336	0.526898	0	0	0	0
0.947371	0.380898	-0.135158	0	-0.202737	-0.571347	0	0	0	0
0.953712	-2.06838	0.914069	0	1.3711	3.10257	0	0	0	0
0.95261	1.8651	1.52861	0	2.29291	-2.79764	0	0	0	0
0.957758	0.112989	1.63888	0	2.45832	-0.169483	0	0	0	0
0.962666	0.593863	1.01203	0	1.51804	-0.890795	0	0	0	0
0.968489	0.247099	-1.0544	0	-1.58161	-0.370649	0	0	0	0
0.963541	-1.71725	-1.25132	0	-1.87698	2.57588	0	0	0	0
0.975785	0.834323	-1.62082	0	-2.43123	-1.25148	0	0	0	0
0.940987	0.413975	-0.922162	0	-1.38324	-0.620962	0	0	0	0
0.975654	1.26731	0.215909	0	0.323864	-1.90097	0	0	0	0
0.958336	0.748676	-0.0273382	0	-0.0410073	-1.12301	0	0	0	0
0.992467	0.573103	-0.20041	0	-0.300615	-0.859654	0	0	0	0
0.904896	0.00747257	-1.85566	0	-2.78349	-0.0112088	0	0	0	0
0.952545	1.35616	0.349635	0	0.524453	-2.03424	0	0	0	0
0.954598	-0.316742	-1.16598	0	-1.74896	0.475113	0	0	0	0
0.986114	-0.697564	-0.422413	0	-0.63362	1.04635	0	0	0	0
0.91834	0.302301	0.840742	0	1.26111	-0.453452	0	0	0	0
0.939459	0.282956	0.494413	0	0.741619	-0.424434	0	0	0	0
0.984879	-1.68369	-0.0916726	0	-0.137509	2.52554	0	0	0	0
0.959685	-0.468697	0.0661666	0	0.0992498	0.703045	0	0	0	0
0.990384	-0.488938	0.749172	0	1.12376	0.733407	0	0	0	0
0.927892	-1.21314	0.81972	0	1.22958	1.81972	0	0	0	0
0.997055	1.18079	-0.740195	0	-1.11029	-1.77119	0	0	0	0
0.902501	-1.08239	-0.152034	0	-0.228051	1.62358	0	0	0	0
0.907257	-1.46409	-1.00682	0	-1.51023	2.19613	0	0	0	0
0.929569	0.723818	-0.0402928	0	-0.0604392	-1.08573	0	0	0	0
0.924437	0.503766	-0.171433	0	-0.25715	-0.755649	0	0	0	0
0.942314	-1.55536	0.82363	0	1.23544	2.33304	0	0	0	0
0.912377	-0.319129	0.156337	0	0.234506	0.478693	0	0	0	0
0.928559	1.18189	-2.75621	0	-4.13432	-1.77283	0	0	0	0
0.931088	-0.881022	-2.54478	0	-3.81717	1.32153	0	0	0	0
0.989176	0.184018	-0.55753	0	-0.836295	-0.276027	0	0	0	0
0.975683	0.172337	-0.283572	0	-0.425358	-0.258506	0	0	0	0
0.998438	-0.483877	-1.39373	0	-2.09059	0.725816	0	0	0	0
0.983319	0.981617	-0.540576	0	-0.810864	-1.47242	0	0	0	0
0.987071	0.82581	-2.90904	0	-4.36356	-1.23872	0	0	0	0
0.971768	-2.14846	-0.393074	0	-0.589611	3.22269	0	0	0	0
0.954844	-0.97745	0.0346107	0	0.0519161	1.46617	0	0	0	0
0.986206	1.24222	-0.875007	0	-1.31251	-1.86333	0	0	0	0
0.954042	0.183808	-0.732036	0	-1.09805	-0.275712	0	0	0	0
0.952037	0.770536	-0.587031	0	-0.880547	-1.1558	0	0	0	0
0.93375	0.690994	-0.248114	0	-0.372171	-1.03649	0	0	0	0
0.924318	0.503365	0.899016	0	1.34852	-0.755047	0	0	0	0
0.942603	0.798123	-0.73043	0	-1.09564	-1.19718	0	0	0	0
0.900862	-0.732569	0.263571	0	0.395357	1.09885	0	0	0	0
0.902616	0.82624	0.678	0	1.017	-1.23936	0	0	0	0
0.922484	-0.480933	0.704309	0	1.05646	0.721399	0	0	0	0
0.906999	0.400519	1.80046	0	2.7007	-0.600779	0	0	0	0
0.955096	-0.677755	0.94357	0	1.41536	1.01663	0	0	0	0
0.910443	0.238126	-0.331704	0	-0.497555	-0.357189	0	0	0	0
0.94477	-2.22328	-2.83412	0	-4.25118	3.33492	0	0	0	0
0.989655	-1.16265	0.625224	0	0.937835	1.74397	0	0	0	0
0.92995	0.835045	-1.35985	0	-2.03978	-1.25257	0	0	0	0
0.922095	-0.130637	-0.756937	0	-1.13541	0.195955	0	0	0	0
0.956921	-0.284527	-0.345474	0	-0.51821	0.42679	0	0	0	0
0.935913	-0.282136	0.42323	0	0.634845	0.423203	0	0	0	0
0.964103	1.59363	-0.808518	0	-1.21278	-2.39045	0	0	0	0
0.963455	-0.0946687	-0.289726	0	-0.434589	0.142003	0	0	0	0
0.909016	-1.47251	0.356319	0	0.534479	2.20876	0	0	0	0
0.958341	2.34682	1.04237	0	1.56356	-3.52022	0	0	0	0
0.930334	-0.279097	-1.80422	0	-2.70633	0.418646	0	0	0	0
0.910732	1.43814	-2.60879	0	-3.91319	-2.15722	0	0	0	0
0.99114	2.48807	-1.76141	0	-2.64211	-3.73211	0	0	0	0
0.990744	-1.98513	0.84974	0	1.27461	2.97769	0	0	0	0
0.911618	0.184764	-1.44428	0	-2.16642	-0.277145	0	0	0	0
0.965979	-0.340215	-1.04863	0	-1.57295	0.510323	0	0	0	0
0.951481	0.54206	-1.32913	0	-1.99369	-0.81309	0	0	0	0
0.945538	-0.373155	0.842969	0	1.26445	0.559732	0	0	0	0
0.985903	0.129248	0.230947	0	0.34642	-0.193872	0	0	0	0
0.927921	0.310538	-0.583042	0	-0.874564	-0.465807	0	0	0	0
0.908132	-0.843872	0.665002	0	0.997503	1.26581	0	0	0	0
0.927467	-2.00545	0.586762	0	0.880142	3.00817	0	0	0	0
0.942746	-0.698605	1.40274	0	2.10411	1.04791	0	0	0	0
0.942436	1.10922	-1.69079	0	-2.53618	-1.66383	0	0	0	0
0.931198	-0.233487	-0.470309	0	-0.705463	0.35023	0	0	0	0
0.969688	-1.36001	-0.66152	0	-0.99228	2.04001	0	0	0	0
0.950221	-0.996764	-1.23956	0	-1.85934	1.49515	0	0	0	0
0.9605	0.581084	-0.976686	0	-1.46503	-0.871626	0	0	0	0
0.932535	-0.279281	-0.931903	0	-1.39785	0.418921	0	0	0	0
0.923382	-1.27565	0.112355	0	0.168532	1.91347	0	0	0	0
0.921968	-0.612975	-1.00145	0	-1.50217	0.919462	0	0	0	0
0.907066	-0.560256	0.406233	0	0.60935	0.840385	0	0	0	0
0.9943	-1.01273	-0.392573	0	-0.588859	1.51909	0	0	0	0
0.925467	1.8484	1.10962	0	1.66442	-2.7726	0	0	0	0
0.974226	-0.485829	0.745384	0	1.11808	0.728744	0	0	0	0
0.982573	1.81611	0.674412	0	1.01162	-2.72417	0	0	0	0
0.961297	-0.471564	-0.950736	0	-1.4261	0.707346	0	0	0	0
0.984999	-1.27424	0.704113	0	1.05617	1.91136	0	0	0	0
0.93695	1.26575	1.64931	0	2.47396	-1.89863	0	0	0	0
0.998931	0.0783187	1.42539	0	2.13808	-0.117478	0	0	0	0
0.941122	-0.676076	1.64402	0	2.46603	1.01411	0	0	0	0
0.904868	-0.529457	0.918521	0	1.37778	0.794185	0	0	0	0
0.956828	1.03187	-0.00480395	0	-0.00720593	-1.54781	0	0	0	0
0.982813	-0.336432	-1.56039	0	-2.34058	0.504648	0	0	0	0
0.917868	0.473209	-0.28117	0	-0.421754	-0.709814	0	0	0	0
0.908782	-2.02352	-0.2003	0	-0.300451	3.03528	0	0	0	0
0.94448	0.244537	0.619692	0	0.929538	-0.366805	0	0	0	0
0.921388	-1.30012	0.852037	0	1.27805	1.95018	0	0	0	0
0.936592	-0.78821	-1.05122	0	-1.57683	1.18232	0	0	0	0
0.928954	1.33442	-1.35506	0	-2.0326	-2.00163	0	0	0	0
0.999919	0.352431	0.723865	0	1.0858	-0.528647	0	0	0	0
0.98235	-0.96333	-0.509605	0	-0.764407	1.445	0	0	0	0
0.93506	-0.15292	0.0692007	0	0.103801	0.22938	0	0	0	0
0.953654	-1.31005	-1.77475	0	-2.66212	1.96507	0	0	0	0
0.986206	-0.819163	-0.553186	0	-0.829779	1.22874	0	0	0	0
0.947501	0.124181	-0.856443	0	-1.28466	-0.186272	0	0	0	0
0.950817	-0.24308	1.0939	0	1.64085	0.364621	0	0	0	0
0.923232	2.02351	0.576801	0	0.865201	-3.03527	0	0	0	0
0.94813	-0.0456926	0.531218	0	0.796827	0.0685389	0	0	0	0
0.960721	-0.144627	-0.709516	0	-1.06427	0.21694	0	0	0	0
0.955615	-0.763607	-0.208142	0	-0.312213	1.14541	0	0	0	0
0.996088	0.0522993	0.167962	0	0.251943	-0.078449	0	0	0	0
0.924152	-1.3997	0.00997469	0	0.014962	2.09955	0	0	0	0
0.969492	-0.842438	-0.464897	0	-0.697346	1.26366	0	0	0	0
0.921866	-1.07974	0.461672	0	0.692508	1.6196	0	0	0	0
0.967911	0.787652	0.210218	0	0.315327	-1.18148	0	0	0	0
0.966858	1.2328	-0.0768974	0	-0.115346	-1.8492	0	0	0	0
0.972022	0.0381653	1.35585	0	2.03378	-0.0572479	0	0	0	0
0.983686	0.832501	2.48357	0	3.72536	-1.24875	0	0	0	0
0.915204	-0.567408	-0.968604	0	-1.45291	0.851113	0	0	0	0
0.973889	-0.234844	0.732033	0	1.09805	0.352266	0	0	0	0
0.949232	-0.564985	0.0981796	0	0.147269	0.847477	0	0	0	0
0.995832	-1.07867	-0.953685	0	-1.43053	1.618	0	0	0	0
0.901119	-0.0633881	-0.717022	0	-1.07553	0.0950822	0	0	0	0
0.939768	-1.10708	0.0507031	0	0.0760546	1.66062	0	0	0	0
0.966252	0.954864	-1.65238	0	-2.47857	-1.4323	0	0	0	0
0.986314	-0.553775	0.609746	0	0.914619	0.830662	0	0	0	0
0.933414	-1.19377	-1.07457	0	-1.61185	1.79065	0	0	0	0
0.94086	-0.303363	-0.513125	0	-0.769687	0.455044	0	0	0	0
0.955907	1.82811	0.243063	0	0.364595	-2.74217	0	0	0	0
0.969416	0.107958	0.299794	0	0.449691	-0.161937	0	0	0	0
0.992158	-0.476843	-0.640789	0	-0.961184	0.715264	0	0	0	0
0.99966	1.54635	-0.507436	0	-0.761154	-2.31952	0	0	0	0
0.96232	0.864489	1.48261	0	2.22392	-1.29673	0	0	0	0
0.908474	-0.270673	-0.706424	0	-1.05964	0.40601	0	0	0	0
0.910668	1.80938	-1.07471	0	-1.61206	-2.71408	0	0	0	0
0.9461	-0.382327	0.733571	0	1.10036	0.573491	0	0	0	0
0.955846	1.63299	1.71455	0	2.57182	-2.44948	0	0	0	0
0.925218	-1.21637	-0.609509	0	-0.914263	1.82456	0	0	0	0
0.909685	-0.166266	1.08458	0	1.62687	0.249399	0	0	0	0
0.900085	-1.18317	-0.451997	0	-0.677996	1.77475	0	0	0	0
0.918783	0.880008	0.570376	0	0.855564	-1.32001	0	0	0	0
0.924732	1.24264	0.459157	0	0.688736	-1.86395	0	0	0	0
0.940852	-0.261214	-0.824906	0	-1.23736	0.39182	0	0	0	0
0.908598	0.50969	-1.27219	0	-1.90829	-0.764535	0	0	0	0
0.937869	0.207064	2.16022	0	3.24033	-0.310595	0	0	0	0
0.962388	-1.00029	-1.03656	0	-1.55485	1.50043	0	0	0	0
0.944041	-0.915189	1.03743	0	1.55614	1.37278	0	0	0	0
0.905869	-0.626672	0.930498	0	1.39575	0.940007	0	0	0	0
0.968079	1.04996	0.0486516	0	0.0729773	-1.57494	0	0	0	0
0.990429	1.42925	1.02772	0	1.54158	-2.14387	0	0	0	0
0.923667	-0.0671298	0.76914	0	1.15371	0.100695	0	0	0	0
0.946282	0.0468475	0.861639	0	1.29246	-0.0702713	0	0	0	0
0.907988	-0.729896	0.512571	0	0.768856	1.09484	0	0	0	0
0.924366	0.0218561	0.570512	0	0.855768	-0.0327842	0	0	0	0
0.960789	0.257806	-0.0548607	0	-0.082291	-0.386709	0	0	0	0
0.945342	1.47661	1.47218	0	2.20827	-2.21492	0	0	0	0
0.948745	-0.0674286	-0.198529	0	-0.297794	0.101143	0	0	0	0
0.900909	1.74122	0.387885	0	0.581827	-2.61183	0	0	0	0
0.967493	-0.649054	1.08031	0	1.62046	0.973581	0	0	0	0
0.905009	0.971559	1.10297	0	1.65445	-1.45734	0	0	0	0
0.919176	1.50558	-0.779094	0	-1.16864	-2.25837	0	0	0	0
0.997193	-0.14324	0.441297	0	0.661946	0.21486	0	0	0	0
0.931802	-0.657048	2.43699	0	3.65548	0.985572	0	0	0	0
0.958325	-0.693011	-0.310621	0	-0.465931	1.03952	0	0	0	0
0.919833	0.0511286	1.01334	0	1.52001	-0.0766928	0	0	0	0
0.961805	1.80545	0.634334	0	0.951501	-2.70818	0	0	0	0
0.938651	0.694107	-1.25944	0	-1.88915	-1.04116	0	0	0	0
0.93857	1.28717	-0.401911	0	-0.602866	-1.93076	0	0	0	0
0.933481	0.484999	0.929092	0	1.39364	-0.727499	0	0	0	0
0.992424	-2.27733	1.22867	0	1.843	3.41599	0	0	0	0
0.947438	-0.0173733	0.56978	0	0.854671	0.0260599	0	0	0	0
0.930644	-1.08126	0.08281	0	0.124215	1.62189	0	0	0	0
0.933924	-1.76814	0.356043	0	0.534065	2.65221	0	0	0	0
0.951288	2.27208	-0.252402	0	-0.378602	-3.40812	0	0	0	0
0.92432	0.920359	1.17987	0	1.76981	-1.38054	0	0	0	0
0.968829	0.405111	0.707669	0	1.0615	-0.607666	0	0	0	0
0.945643	-0.391688	-1.46146	0	-2.19219	0.587533	0	0	0	0
0.939895	0.425804	0.135046	0	0.202569	-0.638705	0	0	0	0
0.9495	0.400275	-2.22629	0	-3.33944	-0.600413	0	0	0	0
0.961543	1.06544	-0.42189	0	-0.632835	-1.59815	0	0	0	0
0.992756	1.57248	-0.604331	0	-0.906497	-2.35871	0	0	0	0
0.976942	0.42949	1.54806	0	2.3221	-0.644235	0	0	0	0
0.981633	-0.778227	0.207471	0	0.311206	1.16734	0	0	0	0
0.971264	0.382792	0.205534	0	0.308301	-0.574187	0	0	0	0
0.90992	0.351781	0.762868	0	1.1443	-0.527672	0	0	0	0
0.933994	0.0723325	-0.145838	0	-0.218757	-0.108499	0	0	0	0
0.914814	0.742039	-0.0345224	0	-0.0517836	-1.11306	0	0	0	0
0.975149	0.19755	-0.135935	0	-0.203903	-0.296324	0	0	0	0
0.942615	-1.56537	-0.387338	0	-0.581007	2.34806	0	0	0	0
0.924082	0.18371	-0.189958	0	-0.284937	-0.275565	0	0	0	0
0.950436	-0.924522	-0.636064	0	-0.954095	1.38678	0	0	0	0
0.928909	-0.259285	-0.510426	0	-0.765639	0.388927	0	0	0	0
0.92343	-0.750626	-1.8196	0	-2.7294	1.12594	0	0	0	0
0.942478	-0.0363147	-0.690676	0	-1.03601	0.0544721	0	0	0	0
0.978929	0.0386743	2.33586	0	3.50379	-0.0580115	0	0	0	0
0.916381	1.41008	-1.23834	0	-1.85752	-2.11512	0	0	0	0
0.952357	-0.945855	-1.90825	0	-2.86237	1.41878	0	0	0	0
0.928795	0.83952	-0.240427	0	-0.36064	-1.25928	0	0	0	0
0.963182	-1.21206	-0.118265	0	-0.177397	1.81809	0	0	0	0
0.918547	-0.153029	1.0295	0	1.54426	0.229544	0	0	0	0
0.926087	0.95947	-0.282331	0	-0.423496	-1.4392	0	0	0	0
0.992711	1.04584	-1.10791	0	-1.66186	-1.56877	0	0	0	0
0.982414	0.315984	-0.723249	0	-1.08487	-0.473976	0	0	0	0
0.958539	0.184281	-1.62308	0	-2.43462	-0.276422	0	0	0	0
0.935872	0.695647	-0.908695	0	-1.36304	-1.04347	0	0	0	0
0.931017	0.463282	-0.793714	0	-1.19057	-0.694922	0	0	0	0
0.987911	-0.739835	0.251183	0	0.376774	1.10975	0	0	0	0
0.980357	0.174632	0.581703	0	0.872554	-0.261947	0	0	0	0
0.925466	1.9299	0.772115	0	1.15817	-2.89485	0	0	0	0
0.947133	-1.259	1.53886	0	2.30829	1.88849	0	0	0	0
0.915286	-0.545126	0.468669	0	0.703003	0.817689	0	0	0	0
0.988097	-0.407773	-1.68469	0	-2.52704	0.611659	0	0	0	0
0.908283	2.16034	-1.58938	0	-2.38407	-3.24051	0	0	0	0
0.970223	0.821536	0.548893	0	0.82334	-1.2323	0	0	0	0
0.961079	0.609262	0.484112	0	0.726168	-0.913893	0	0	0	0
0.928019	0.307168	-1.50931	0	-2.26397	-0.460752	0	0	0	0
0.912915	-2.67953	1.48222	0	2.22333	4.0193	0	0	0	0
0.980274	-0.817027	1.81976	0	2.72964	1.22554	0	0	0	0
0.974823	-1.04964	-0.200546	0	-0.300819	1.57446	0	0	0	0
0.907104	-1.90167	1.48739	0	2.23109	2.85251	0	0	0	0
0.984574	-0.64183	1.52211	0	2.28317	0.962745	0	0	0	0
0.956218	-1.6673	1.5719	0	2.35784	2.50095	0	0	0	0
0.95028	0.576874	0.182143	0	0.273215	-0.865311	0	0	0	0
0.992259	0.68104	0.0314652	0	0.0471978	-1.02156	0	0	0	0
0.98738	0.361696	0.454767	0	0.68215	-0.542544	0	0	0	0
0.996187	0.185836	0.308483	0	0.462725	-0.278753	0	0	0	0
0.953741	-0.177452	-0.532972	0	-0.799458	0.266177	0	0	0	0
0.913545	-0.64901	1.55385	0	2.33077	0.973515	0	0	0	0
0.933253	-0.231544	0.0596757	0	0.0895136	0.347316	0	0	0	0
0.901724	1.26765	-0.980742	0	-1.47111	-1.90148	0	0	0	0
0.947219	0.633828	0.798402	0	1.1976	-0.950742	0	0	0	0
0.934321	0.352524	-0.77054	0	-1.15581	-0.528786	0	0	0	0
0.940041	-1.14893	0.420595	0	0.630892	1.72339	0	0	0	0
0.991032	0.14117	-0.162345	0	-0.243517	-0.211755	0	0	0	0
0.942215	0.692978	-1.84744	0	-2.77116	-1.03947	0	0	0	0
0.987162	-0.470561	-1.78058	0	-2.67087	0.705842	0	0	0	0
0.996786	0.607865	0.0325195	0	0.0487793	-0.911797	0	0	0	0
0.982482	0.769993	-0.153051	0	-0.229577	-1.15499	0	0	0	0
0.936833	0.0196202	2.23731	0	3.35596	-0.0294303	0	0	0	0
0.911818	2.10917	2.11849	0	3.17773	-3.16376	0	0	0	0
0.910186	-0.190553	-0.919717	0	-1.37958	0.28583	0	0	0	0
0.948407	0.46711	0.924548	0	1.38682	-0.700666	0	0	0	0
0.961651	1.78759	0.953673	0	1.43051	-2.68138	0	0	0	0
0.947052	0.671274	-1.01179	0	-1.51768	-1.00691	0	0	0	0
0.9664	-0.485442	-1.11762	0	-1.67644	0.728163	0	0	0	0
0.994821	0.315273	0.353054	0	0.529581	-0.47291	0	0	0	0
0.924477	-0.680771	-0.800438	0	-1.20066	1.02116	0	0	0	0
0.957225	0.732407	2.20428	0	3.30642	-1.09861	0	0	0	0
0.958477	-1.23049	1.00667	0	1.51	1.84573	0	0	0	0
0.974968	-0.228621	0.320752	0	0.481128	0.342932	0	0	0	0
0.95579	-0.160983	1.52942	0	2.29414	0.241475	0	0	0	0
0.999148	-0.557294	1.33532	0	2.00299	0.835941	0	0	0	0
0.977181	1.07545	-0.685843	0	-1.02876	-1.61318	0	0	0	0
0.928328	1.64852	-0.877809	0	-1.31671	-2.47277	0	0	0	0
0.905603	0.769847	-0.59157	0	-0.887356	-1.15477	0	0	0	0
0.963278	-1.8023	-0.727455	0	-1.09118	2.70344	0	0	0	0
0.904156	0.128064	-0.0122686	0	-0.0184029	-0.192096	0	0	0	0
0.961405	1.81685	0.0855172	0	0.128276	-2.72527	0	0	0	0
0.98163	-0.683064	0.812522	0	1.21878	1.0246	0	0	0	0
0.958726	-1.19251	1.10593	0	1.65889	1.78877	0	0	0	0
0.905278	0.231828	-0.390873	0	-0.586309	-0.347741	0	0	0	0
0.913255	-0.101271	-0.539538	0	-0.809307	0.151906	0	0	0	0
0.930622	-0.88994	-1.46134	0	-2.19202	1.33491	0	0	0	0
0.992286	0.395127	-0.973588	0	-1.46038	-0.592691	0	0	0	0
0.991385	0.206959	0.123704	0	0.185556	-0.310438	0	0	0	0
0.918243	-0.651774	0.319329	0	0.478994	0.977662	0	0	0	0
0.919569	-1.00052	0.633713	0	0.950569	1.50079	0	0	0	0
0.990395	0.360424	-0.0838426	0	-0.125764	-0.540636	0	0	0	0
0.9655	-0.994353	-0.362413	0	-0.543619	1.49153	0	0	0	0
0.913084	0.133756	0.207728	0	0.311592	-0.200633	0	0	0	0
0.987677	0.0449882	0.392149	0	0.588223	-0.0674823	0	0	0	0
0.933212	0.288489	2.18784	0	3.28176	-0.432734	0	0	0	0
0.915453	1.60156	1.70142	0	2.55213	-2.40234	0	0	0	0
0.991527	-1.26317	-0.620561	0	-0.930842	1.89475	0	0	0	0
0.96622	2.33111	0.583164	0	0.874746	-3.49667	0	0	0	0
0.909057	0.944873	0.384746	0	0.577119	-1.41731	0	0	0	0
0.961363	-0.70283	-0.731673	0	-1.09751	1.05424	0	0	0	0
0.93698	-0.360137	1.21823	0	1.82734	0.540205	0	0	0	0
0.930491	-0.529259	-0.479826	0	-0.719739	0.793889	0	0	0	0
0.987107	0.726899	0.372149	0	0.558223	-1.09035	0	0	0	0
0.913232	-0.200182	1.10271	0	1.65407	0.300273	0	0	0	0
0.920445	0.242765	-0.740624	0	-1.11094	-0.364148	0	0	0	0
0.977716	-0.124938	-0.481613	0	-0.722419	0.187407	0	0	0	0
0.928469	-0.715808	0.228859	0	0.343289	1.07371	0	0	0	0
0.939076	-0.469814	-0.984549	0	-1.47682	0.704721	0	0	0	0
0.932084	-0.360441	-0.293789	0	-0.440683	0.540661	0	0	0	0
0.929738	0.441257	-0.720214	0	-1.08032	-0.661885	0	0	0	0
0.990667	0.127622	-0.177464	0	-0.266197	-0.191433	0	0	0	0
0.95598	1.43507	0.228556	0	0.342834	-2.1526	0	0	0	0
0.94354	-0.107727	1.12388	0	1.68582	0.16159	0	0	0	0
0.905387	-1.16102	-0.911383	0	-1.36707	1.74153	0	0	0	0
0.90141	-0.919632	-1.9664	0	-2.9496	1.37945	0	0	0	0
0.94569	0.971714	0.684404	0	1.02661	-1.45757	0	0	0	0
0.915262	0.680207	-0.402485	0	-0.603728	-1.02031	0	0	0	0
0.912917	-0.11084	-0.132323	0	-0.198485	0.166259	0	0	0	0
0.952371	-0.761707	-0.917754	0	-1.37663	1.14256	0	0	0	0
0.987062	0.00415781	-1.17355	0	-1.76032	-0.00623672	0	0	0	0
0.981002	-1.74586	-1.02217	0	-1.53326	2.61879	0	0	0	0
0.949909	0.499475	-1.22032	0	-1.83048	-0.749212	0	0	0	0
0.996649	-2.086	-1.57402	0	-2.36103	3.12901	0	0	0	0
0.960574	0.633945	-1.01012	0	-1.51519	-0.950918	0	0	0	0
0.99189	-0.399049	0.589288	0	0.883932	0.598574	0	0	0	0
0.950396	0.725592	-1.20691	0	-1.81036	-1.08839	0	0	0	0
0.985187	-0.525937	1.90618	0	2.85927	0.788906	0	0	0	0
0.986266	-0.05758	0.528444	0	0.792665	0.08637	0	0	0	0
0.948905	-0.442573	-0.313865	0	-0.470798	0.663859	0	0	0	0
0.97525	-0.477468	-1.15573	0	-1.73359	0.716203	0	0	0	0
0.992174	-0.170739	-0.503977	0	-0.755966	0.256109	0	0	0	0
0.966427	-1.38127	-0.193925	0	-0.290887	2.07191	0	0	0	0
0.937175	-0.863103	-0.0333313	0	-0.049997	1.29465	0	0	0	0
0.923741	1.20367	0.348818	0	0.523227	-1.8055	0	0	0	0
0.983705	0.315274	0.239983	0	0.359975	-0.472911	0	0	0	0
0.983843	0.0410619	-1.77939	0	-2.66909	-0.0615929	0	0	0	0
0.982441	0.294122	-0.379535	0	-0.569303	-0.441182	0	0	0	0
0.999949	1.4472	-0.560544	0	-0.840816	-2.1708	0	0	0	0
0.93297	1.53951	-0.375793	0	-0.563689	-2.30926	0	0	0	0
0.965763	2.04262	0.776615	0	1.16492	-3.06393	0	0	0	0
0.982	-1.34369	-0.0943255	0	-0.141488	2.01553	0	0	0	0
0.996647	1.37242	0.514452	0	0.771678	-2.05862	0	0	0	0
0.915518	0.634961	-1.43915	0	-2.15873	-0.952442	0	0	0	0
0.971419	0.151817	1.29997	0	1.94996	-0.227725	0	0	0	0
0.95865	0.0556918	0.454182	0	0.681273	-0.0835376	0	0	0	0
0.939648	-1.61014	-2.23248	0	-3.34872	2.41521	0	0	0	0
0.93302	-0.393438	0.0248199	0	0.0372298	0.590156	0	0	0	0
0.952865	0.811466	0.976197	0	1.4643	-1.2172	0	0	0	0
0.969911	-0.503811	0.020202	0	0.030303	0.755716	0	0	0	0
0.973542	0.572612	0.151358	0	0.227037	-0.858918	0	0	0	0
0.910671	-0.349807	-0.47912	0	-0.71868	0.52471	0	0	0	0
0.988283	-1.82672	0.317648	0	0.476471	2.74009	0	0	0	0
0.963341	-0.535513	-2.09549	0	-3.14323	0.803269	0	0	0	0
0.972027	-0.94882	0.175435	0	0.263153	1.42323	0	0	0	0
0.968998	0.575599	-0.125429	0	-0.188143	-0.863399	0	0	0	0
0.975203	0.863566	1.36165	0	2.04247	-1.29535	0	0	0	0
0.944114	0.030177	0.661263	0	0.991895	-0.0452655	0	0	0	0
0.948933	0.671251	0.918089	0	1.37713	-1.00688	0	0	0	0
0.904059	0.108195	-1.05531	0	-1.58297	-0.162292	0	0	0	0
0.951115	0.343486	1.39434	0	2.09151	-0.515228	0	0	0	0
0.955852	0.0218335	-1.21087	0	-1.81631	-0.0327503	0	0	0	0
0.989792	-0.123349	0.731132	0	1.0967	0.185023	0	0	0	0
0.912128	-0.107138	-0.0505773	0	-0.0758659	0.160707	0	0	0	0
0.959752	0.164368	-0.163108	0	-0.244661	-0.246553	0	0	0	0
0.920992	0.990732	-0.576177	0	-0.864265	-1.4861	0	0	0	0
0.915793	1.69717	1.32774	0	1.99161	-2.54575	0	0	0	0
0.904571	-1.14781	0.461443	0	0.692164	1.72172	0	0	0	0
0.975251	-2.32373	1.25388	0	1.88081	3.4856	0	0	0	0
0.985186	-0.273219	-0.12708	0	-0.19062	0.409829	0	0	0	0
0.956223	-0.652794	0.518138	0	0.777206	0.979191	0	0	0	0
0.909968	-0.404739	1.42936	0	2.14404	0.607108	0	0	0	0
0.984382	-2.44359	0.0401846	0	0.0602769	3.66538	0	0	0	0
0.920115	1.00428	-0.0436132	0	-0.0654198	-1.50642	0	0	0	0
0.9739	-0.868817	-1.71077	0	-2.56615	1.30323	0	0	0	0
0.950104	-1.00545	-1.06571	0	-1.59856	1.50817	0	0	0	0
0.936006	2.74726	1.31158	0	1.96736	-4.12089	0	0	0	0
0.988983	-0.381492	0.783766	0	1.17565	0.572238	0	0	0	0
0.95945	0.735685	0.0104649	0	0.0156973	-1.10353	0	0	0	0
0.988473	0.077741	-1.45771	0	-2.18656	-0.116611	0	0	0	0
0.976286	0.928502	-1.76617	0	-2.64926	-1.39275	0	0	0	0
0.919977	-0.972721	-0.774997	0	-1.1625	1.45908	0	0	0	0
0.991429	0.685558	0.0398027	0	0.0597041	-1.02834	0	0	0	0
0.905797	2.0027	-0.516275	0	-0.774412	-3.00404	0	0	0	0
0.948079	0.230709	0.0840097	0	0.126015	-0.346064	0	0	0	0
0.938662	1.06959	0.684316	0	1.02647	-1.60438	0	0	0	0
0.902192	-0.57638	0.275741	0	0.413612	0.86457	0	0	0	0
0.953111	-1.8855	-0.101747	0	-0.152621	2.82825	0	0	0	0
0.993055	0.841023	-0.317512	0	-0.476268	-1.26153	0	0	0	0
0.992858	0.254337	-0.43924	0	-0.658861	-0.381505	0	0	0	0
0.93996	0.371692	0.504361	0	0.756541	-0.557538	0	0	0	0
0.951589	-0.0378039	-0.638197	0	-0.957295	0.0567058	0	0	0	0
0.975805	-2.07875	0.615382	0	0.923074	3.11813	0	0	0	0
0.987497	-0.885627	-1.16698	0	-1.75047	1.32844	0	0	0	0
0.985253	0.217577	0.70723	0	1.06084	-0.326365	0	0	0	0
0.937757	0.734718	-1.07311	0	-1.60966	-1.10208	0	0	0	0
0.925094	-0.736039	1.20626	0	1.80938	1.10406	0	0	0	0
0.922948	0.305599	-0.804406	0	-1.20661	-0.458399	0	0	0	0
0.930035	1.23597	1.30464	0	1.95695	-1.85395	0	0	0	0
0.947924	0.417996	-0.0857652	0	-0.128648	-0.626994	0	0	0	0
0.906187	0.515391	-1.5571	0	-2.33565	-0.773087	0	0	0	0
0.966004	-0.113093	0.192804	0	0.289207	0.16964	0	0	0	0
0.933254	1.47736	-0.499669	0	-0.749503	-2.21604	0	0	0	0
0.936614	0.361266	-0.882166	0	-1.32325	-0.541898	0	0	0	0
0.974195	0.280037	0.282014	0	0.423021	-0.420055	0	0	0	0
0.987101	0.548781	0.228798	0	0.343197	-0.823171	0	0	0	0
0.970219	-1.2073	0.00831087	0	0.0124663	1.81094	0	0	0	0
0.916005	0.744032	1.88338	0	2.82507	-1.11605	0	0	0	0
0.937138	-0.00182898	0.203848	0	0.305772	0.00274347	0	0	0	0
0.986619	-1.54141	0.354923	0	0.532385	2.31212	0	0	0	0
0.900393	-2.21064	-0.499872	0	-0.749808	3.31596	0	0	0	0
0.969851	-0.465303	0.148737	0	0.223106	0.697955	0	0	0	0
0.947555	-2.30487	-0.745201	0	-1.1178	3.4573	0	0	0	0
0.988854	-0.848415	-0.279208	0	-0.418812	1.27262	0	0	0	0
0.92026	-0.563191	-1.12397	0	-1.68595	0.844787	0	0	0	0
0.982144	-0.0670963	0.834968	0	1.25245	0.100644	0	0	0	0
0.91399	0.0623933	1.15142	0	1.72712	-0.0935899	0	0	0	0
0.929778	-0.186798	-0.650578	0	-0.975867	0.280197	0	0	0	0
0.902298	-0.920568	-0.0904304	0	-0.135646	1.38085	0	0	0	0
0.956769	0.441188	0.222239	0	0.333358	-0.661781	0	0	0	0
0.94883	-0.505319	-1.01448	0	-1.52172	0.757978	0	0	0	0
0.99276	0.103142	1.36817	0	2.05225	-0.154714	0	0	0	0
0.991611	1.33733	0.362963	0	0.544445	-2.006	0	0	0	0
0.902935	0.0997926	1.95603	0	2.93404	-0.149689	0	0	0	0
0.960486	-0.557497	0.816368	0	1.22455	0.836245	0	0	0	0
0.970186	2.35984	-0.53408	0	-0.80112	-3.53976	0	0	0	0
0.905178	-0.880706	-0.989574	0	-1.48436	1.32106	0	0	0	0
0.957378	0.957477	0.264778	0	0.397166	-1.43622	0	0	0	0
0.931458	0.158213	-0.267677	0	-0.401515	-0.237319	0	0	0	0
0.97123	-1.32992	-0.444145	0	-0.666218	1.99488	0	0	0	0
0.936972	-1.36524	-0.0740615	0	-0.111092	2.04786	0	0	0	0
0.982138	-0.502498	-1.33352	0	-2.00028	0.753747	0	0	0	0
0.946606	-0.0795547	1.16923	0	1.75385	0.119332	0	0	0	0
0.949334	2.16878	0.00839612	0	0.0125942	-3.25317	0	0	0	0
0.972898	0.00733304	0.676139	0	1.01421	-0.0109996	0	0	0	0
0.920581	0.708571	-0.960533	0	-1.4408	-1.06286	0	0	0	0
0.986342	1.75853	0.40846	0	0.61269	-2.6378	0	0	0	0
0.921163	-0.399945	1.82807	0	2.74211	0.599917	0	0	0	0
0.919592	0.132492	1.15252	0	1.72878	-0.198738	0	0	0	0
0.918378	0.411188	0.719583	0	1.07937	-0.616782	0	0	0	0
0.996635	0.486883	-0.130269	0	-0.195403	-0.730325	0	0	0	0
0.940294	0.892899	0.916629	0	1.37494	-1.33935	0	0	0	0
0.91352	-0.00548932	-0.756408	0	-1.13461	0.00823399	0	0	0	0
0.933584	0.878717	1.57467	0	2.362	-1.31808	0	0	0	0
0.93038	-0.0171873	-0.299508	0	-0.449262	0.025781	0	0	0	0
0.914498	-0.469228	0.366003	0	0.549005	0.703843	0	0	0	0
0.950954	-0.971359	0.455963	0	0.683945	1.45704	0	0	0	0
0.918722	1.01677	-1.07739	0	-1.61609	-1.52516	0	0	0	0
0.931336	0.381821	0.123135	0	0.184703	-0.572731	0	0	0	0
0.969127	0.41636	0.17741	0	0.266115	-0.62454	0	0	0	0
0.91071	-1.22892	0.246967	0	0.37045	1.84338	0	0	0	0
0.992674	-0.0820137	-1.21143	0	-1.81714	0.123021	0	0	0	0
0.979003	0.20786	1.16337	0	1.74505	-0.311791	0	0	0	0
0.960688	-0.741177	1.44018	0	2.16027	1.11176	0	0	0	0
0.915364	-0.284126	-0.347975	0	-0.521962	0.426189	0	0	0	0
0.95394	1.19933	-0.0225359	0	-0.0338039	-1.79899	0	0	0	0
0.99194	0.0102936	-1.92034	0	-2.88051	-0.0154404	0	0	0	0
0.968766	0.125341	-0.886156	0	-1.32923	-0.188012	0	0	0	0
0.927466	1.35405	-0.00417664	0	-0.00626496	-2.03108	0	0	0	0
0.900678	0.0073023	0.290607	0	0.435911	-0.0109534	0	0	0	0
0.904584	0.0382773	0.523955	0	0.785932	-0.0574159	0	0	0	0
0.94629	-0.815866	-1.09303	0	-1.63954	1.2238	0	0	0	0
0.988803	-0.483809	-0.398813	0	-0.598219	0.725713	0	0	0	0
0.902033	1.1296	-1.89529	0	-2.84293	-1.69439	0	0	0	0
0.95508	-1.50453	-1.65903	0	-2.48854	2.25679	0	0	0	0
0.987981	0.16407	0.313907	0	0.47086	-0.246104	0	0	0	0
0.990122	-0.204254	0.169435	0	0.254152	0.306381	0	0	0	0
0.931355	0.785494	-0.794031	0	-1.19105	-1.17824	0	0	0	0
0.928612	-0.428756	1.18391	0	1.77586	0.643134	0	0	0	0
0.954742	-0.693329	0.212036	0	0.318053	1.03999	0	0	0	0
0.960539	0.515481	-1.55622	0	-2.33433	-0.773221	0	0	0	0
0.946832	-0.156998	-0.381304	0	-0.571957	0.235497	0	0	0	0
0.938652	-0.988891	-0.00904992	0	-0.0135749	1.48334	0	0	0	0
0.95741	0.956757	-2.27658	0	-3.41488	-1.43514	0	0	0	0
0.968881	-0.637608	1.39135	0	2.08702	0.956412	0	0	0	0
0.976373	-1.97942	0.678834	0	1.01825	2.96914	0	0	0	0
0.948199	0.374546	-1.70485	0	-2.55728	-0.561819	0	0	0	0
0.920965	-0.195519	-1.3731	0	-2.05965	0.293278	0	0	0	0
0.913431	2.25221	-0.971014	0	-1.45652	-3.37832	0	0	0	0
0.970456	-0.712924	0.783378	0	1.17507	1.06939	0	0	0	0
0.92627	1.37572	0.802263	0	1.20339	-2.06358	0	0	0	0
0.973346	1.06357	-0.574503	0	-0.861754	-1.59535	0	0	0	0
0.944906	1.06559	-1.83394	0	-2.75091	-1.59839	0	0	0	0
0.914158	-0.690925	0.623585	0	0.935378	1.03639	0	0	0	0
0.910849	-0.723973	-0.839164	0	-1.25875	1.08596	0	0	0	0
0.923598	0.159051	-1.90999	0	-2.86499	-0.238576	0	0	0	0
0.918781	0.126684	0.414602	0	0.621903	-0.190025	0	0	0	0
0.963656	0.0715426	-1.07436	0	-1.61155	-0.107314	0	0	0	0
0.963761	-1.57213	0.0906924	0	0.136039	2.35819	0	0	0	0
0.923844	-0.0349607	1.79417	0	2.69126	0.0524411	0	0	0	0
0.97888	0.171331	1.14035	0	1.71053	-0.256996	0	0	0	0
0.938916	0.0766659	1.20075	0	1.80112	-0.114999	0	0	0	0
0.90521	1.45341	-0.599236	0	-0.898854	-2.18011	0	0	0	0
0.994819	0.384108	0.135947	0	0.20392	-0.576162	0	0	0	0
0.916442	-0.401369	0.468277	0	0.702415	0.602053	0	0	0	0
0.93944	0.514822	0.381764	0	0.572646	-0.772232	0	0	0	0
0.960399	0.646215	-0.478659	0	-0.717989	-0.969322	0	0	0	0
0.944023	0.709559	0.610111	0	0.915166	-1.06434	0	0	0	0
0.914063	-0.375467	-0.282341	0	-0.423512	0.5632	0	0	0	0
0.930454	1.20366	-1.71872	0	-2.57809	-1.80548	0	0	0	0
0.907856	-1.5402	-0.563645	0	-0.845468	2.31029	0	0	0	0
0.956843	-0.76138	-0.681105	0	-1.02166	1.14207	0	0	0	0
0.930535	-0.451244	-0.805204	0	-1.20781	0.676865	0	0	0	0
0.905186	0.208823	-0.671894	0	-1.00784	-0.313234	0	0	0	0
0.961098	-0.940944	-0.452313	0	-0.678469	1.41142	0	0	0	0
0.909503	1.12862	0.376976	0	0.565464	-1.69293	0	0	0	0
0.945024	-0.992271	0.319231	0	0.478847	1.48841	0	0	0	0
0.911815	-0.368402	1.40682	0	2.11023	0.552603	0	0	0	0
0.920595	-0.153195	-0.249621	0	-0.374432	0.229793	0	0	0	0
0.938688	1.56038	-1.3672	0	-2.0508	-2.34056	0	0	0	0
0.929384	-1.69493	-0.263619	0	-0.395429	2.54239	0	0	0	0
0.962981	0.175752	0.697833	0	1.04675	-0.263628	0	0	0	0
0.9048	0.245204	-0.303626	0	-0.455439	-0.367805	0	0	0	0
0.943095	1.73328	-0.242576	0	-0.363864	-2.59992	0	0	0	0
0.913785	0.186626	1.11329	0	1.66993	-0.279939	0	0	0	0
0.99561	0.27591	-0.854761	0	-1.28214	-0.413865	0	0	0	0
0.93083	-0.603677	0.591241	0	0.886862	0.905515	0	0	0	0
0.90621	-0.00209462	1.64357	0	2.46535	0.00314192	0	0	0	0
0.952259	-0.708181	0.952489	0	1.42873	1.06227	0	0	0	0
0.9903	-1.63225	-0.899586	0	-1.34938	2.44837	0	0	0	0
0.952026	0.464875	0.269308	0	0.403962	-0.697313	0	0	0	0
0.93596	0.875952	-0.359682	0	-0.539523	-1.31393	0	0	0	0
0.974876	-1.33721	-1.7565	0	-2.63476	2.00581	0	0	0	0
0.975016	0.0464728	0.370576	0	0.555864	-0.0697092	0	0	0	0
0.957845	0.822765	-1.33562	0	-2.00343	-1.23415	0	0	0	0
0.975637	-2.56202	-0.66189	0	-0.992835	3.84304	0	0	0	0
0.964939	-1.56555	-1.21849	0	-1.82773	2.34833	0	0	0	0
0.936931	-1.12055	-0.441164	0	-0.661746	1.68082	0	0	0	0
0.94002	0.116995	-0.22459	0	-0.336885	-0.175492	0	0	0	0
0.972721	-1.31763	0.1064	0	0.159601	1.97645	0	0	0	0
0.963468	-1.6457	0.906574	0	1.35986	2.46856	0	0	0	0
0.964891	-0.0902449	-0.155127	0	-0.23269	0.135367	0	0	0	0
0.976093	-0.631816	-0.811491	0	-1.21724	0.947724	0	0	0	0
0.906428	3.136	-0.47826	0	-0.717389	-4.70399	0	0	0	0
0.929912	-0.401094	-0.496625	0	-0.744937	0.601641	0	0	0	0
0.963186	0.538305	0.75344	0	1.13016	-0.807457	0	0	0	0
0.912701	0.935674	0.668507	0	1.00276	-1.40351	0	0	0	0
0.909085	1.07962	1.46242	0	2.19362	-1.61943	0	0	0	0
0.956815	-0.539555	-0.0425089	0	-0.0637633	0.809332	0	0	0	0
0.963446	1.02776	-1.57556	0	-2.36333	-1.54164	0	0	0	0
0.965909	0.553938	0.0648949	0	0.0973423	-0.830906	0	0	0	0
0.958411	1.91135	-0.521319	0	-0.781978	-2.86703	0	0	0	0
0.993554	0.57078	1.03904	0	1.55856	-0.85617	0	0	0	0
0.904594	1.43486	1.3042	0	1.95631	-2.15229	0	0	0	0
0.974019	-0.0935112	1.53499	0	2.30249	0.140267	0	0	0	0
0.946176	0.527935	-1.65725	0	-2.48588	-0.791902	0	0	0	0
0.933925	-0.844113	-0.485911	0	-0.728867	1.26617	0	0	0	0
0.943718	1.49229	-2.46144	0	-3.69216	-2.23843	0	0	0	0
0.934931	0.2261	1.03042	0	1.54563	-0.33915	0	0	0	0
0.998813	0.205501	0.613918	0	0.920877	-0.308252	0	0	0	0
0.962733	0.110101	0.437951	0	0.656926	-0.165151	0	0	0	0
0.916588	-0.65884	-0.128755	0	-0.193132	0.988259	0	0	0	0
0.951752	1.11507	0.956883	0	1.43532	-1.67261	0	0	0	0
0.98302	-1.06747	1.56358	0	2.34537	1.60121	0	0	0	0
0.940166	-0.484152	-0.129327	0	-0.19399	0.726227	0	0	0	0
0.973819	0.523582	-0.449412	0	-0.674118	-0.785373	0	0	0	0
0.971539	-0.5696	-0.0814492	0	-0.122174	0.854401	0	0	0	0
0.994131	1.46986	0.203595	0	0.305392	-2.20478	0	0	0	0
0.948682	-1.82419	0.468098	0	0.702147	2.73628	0	0	0	0
0.929507	0.323995	-1.00119	0	-1.50179	-0.485992	0	0	0	0
0.952691	-0.236204	0.181855	0	0.272783	0.354306	0	0	0	0
0.940365	1.71064	1.25016	0	1.87525	-2.56596	0	0	0	0
0.961321	-0.0511286	-0.687894	0	-1.03184	0.0766929	0	0	0	0
0.922002	0.549625	-0.0597194	0	-0.089579	-0.824438	0	0	0	0
0.92054	0.79437	0.111488	0	0.167232	-1.19156	0	0	0	0
0.975082	1.49071	0.975342	0	1.46301	-2.23606	0	0	0	0
0.906808	-0.921481	-0.341572	0	-0.512358	1.38222	0	0	0	0
0.900133	-1.02713	-0.0407873	0	-0.061181	1.5407	0	0	0	0
0.978762	-0.440992	-0.0862557	0	-0.129384	0.661487	0	0	0	0
0.902788	-0.875505	-0.238973	0	-0.358459	1.31326	0	0	0	0
0.937604	-1.22216	-0.109561	0	-0.164341	1.83324	0	0	0	0
0.923375	1.48914	0.428062	0	0.642092	-2.23371	0	0	0	0
0.983675	1.10079	-0.685031	0	-1.02755	-1.65119	0	0	0	0
0.957147	-2.11273	0.711711	0	1.06757	3.1691	0	0	0	0
0.920242	-0.350796	0.843136	0	1.2647	0.526194	0	0	0	0
0.934868	-0.631037	0.324917	0	0.487375	0.946556	0	0	0	0
0.914563	-0.65465	0.528619	0	0.792928	0.981975	0	0	0	0
0.998514	-0.421709	-0.705609	0	-1.05841	0.632564	0	0	0	0
0.977639	0.551983	-0.928441	0	-1.39266	-0.827974	0	0	0	0
0.950508	-0.591402	0.00144608	0	0.00216912	0.887102	0	0	0	0
0.961562	0.919731	0.911614	0	1.36742	-1.3796	0	0	0	0
0.914276	-0.621666	0.470983	0	0.706475	0.9325	0	0	0	0
0.904303	-0.0821489	-0.507443	0	-0.761165	0.123223	0	0	0	0
0.986974	-0.125392	0.629457	0	0.944186	0.188088	0	0	0	0
0.939993	-1.21669	-0.155342	0	-0.233013	1.82504	0	0	0	0
0.906994	-1.06227	-0.232009	0	-0.348013	1.5934	0	0	0	0
0.907729	-1.39977	0.570013	0	0.855019	2.09965	0	0	0	0
0.989761	0.834881	1.50216	0	2.25323	-1.25232	0	0	0	0
0.971157	1.62181	-0.738919	0	-1.10838	-2.43271	0	0	0	0
0.936914	-1.34758	2.94087	0	4.4113	2.02136	0	0	0	0
0.988455	-0.748418	-0.86435	0	-1.29653	1.12263	0	0	0	0
0.934765	-0.599239	0.395595	0	0.593392	0.898859	0	0	0	0
0.939936	-0.329338	0.563221	0	0.844832	0.494007	0	0	0	0
0.903838	-0.563642	1.17879	0	1.76819	0.845464	0	0	0	0
0.947734	0.510357	-1.32082	0	-1.98122	-0.765535	0	0	0	0
0.959808	-0.929657	0.622528	0	0.933792	1.39448	0	0	0	0
0.96355	1.35064	0.406565	0	0.609848	-2.02595	0	0	0	0
0.93001	1.44409	0.85617	0	1.28426	-2.16614	0	0	0	0
0.9068	1.33008	-0.424216	0	-0.636324	-1.99513	0	0	0	0
0.94861	-1.00641	0.0347663	0	0.0521494	1.50962	0	0	0	0
0.957356	1.22026	-1.01431	0	-1.52146	-1.8304	0	0	0	0
0.909694	0.613832	-0.133566	0	-0.200349	-0.920748	0	0	0	0
0.987362	-0.835425	-0.849797	0	-1.2747	1.25314	0	0	0	0
0.922055	1.39446	1.09328	0	1.63992	-2.09169	0	0	0	0
0.946768	-0.104118	-0.686184	0	-1.02928	0.156177	0	0	0	0
0.906926	-1.45456	2.23048	0	3.34572	2.18185	0	0	0	0
0.952602	-0.373575	-0.944355	0	-1.41653	0.560363	0	0	0	0
0.978028	0.570835	-0.83967	0	-1.25951	-0.856253	0	0	0	0
0.922674	-1.69156	-1.98243	0	-2.97365	2.53733	0	0	0	0
0.991542	-0.875516	0.32056	0	0.48084	1.31327	0	0	0	0
0.956224	0.854753	-0.257117	0	-0.385676	-1.28213	0	0	0	0
0.942311	-0.824484	-1.77769	0	-2.66653	1.23673	0	0	0	0
0.932842	-1.12332	0.92551	0	1.38827	1.68498	0	0	0	0
0.968148	0.722689	-1.0567	0	-1.58504	-1.08403	0	0	0	0
0.932993	-0.571492	-0.908975	0	-1.36346	0.857238	0	0	0	0
0.988965	0.621934	0.0604018	0	0.0906027	-0.932902	0	0	0	0
0.927816	0.79799	1.43122	0	2.14683	-1.19698	0	0	0	0
0.916474	0.85573	-0.757713	0	-1.13657	-1.28359	0	0	0	0
0.914229	-0.75242	-0.459271	0	-0.688907	1.12863	0	0	0	0
0.925284	-0.427575	0.62337	0	0.935055	0.641363	0	0	0	0
0.971899	-0.255337	0.948294	0	1.42244	0.383006	0	0	0	0
0.993677	-0.174	1.11052	0	1.66577	0.261	0	0	0	0
0.957063	-1.78399	-0.734151	0	-1.10123	2.67598	0	0	0	0
0.991254	0.0162633	-2.03493	0	-3.05239	-0.024395	0	0	0	0
0.996894	-0.448046	-0.386029	0	-0.579044	0.672069	0	0	0	0
0.935026	-0.799968	0.564322	0	0.846483	1.19995	0	0	0	0
0.971553	-1.56062	-0.835575	0	-1.25336	2.34093	0	0	0	0
0.980613	0.428019	0.422669	0	0.634004	-0.642029	0	0	0	0
0.931936	-2.49143	0.777883	0	1.16682	3.73715	0	0	0	0
0.998462	1.45208	1.28483	0	1.92725	-2.17813	0	0	0	0
0.936113	-2.78788	-0.305362	0	-0.458044	4.18182	0	0	0	0
0.917574	0.538303	0.988332	0	1.4825	-0.807455	0	0	0	0
0.903593	-0.169162	2.58965	0	3.88448	0.253743	0	0	0	0
0.996614	1.03642	-0.143879	0	-0.215818	-1.55464	0	0	0	0
0.900638	-1.50072	-0.864006	0	-1.29601	2.25108	0	0	0	0
0.959367	0.134163	0.256251	0	0.384376	-0.201245	0	0	0	0
0.956262	0.160915	1.45091	0	2.17637	-0.241373	0	0	0	0
0.957812	0.614247	-1.0932	0	-1.6398	-0.921371	0	0	0	0
0.925606	0.0113291	1.35384	0	2.03076	-0.0169937	0	0	0	0
0.94845	-0.753914	1.49786	0	2.2468	1.13087	0	0	0	0
0.945721	-0.0699362	0.240362	0	0.360543	0.104904	0	0	0	0
0.950921	-0.519456	1.98405	0	2.97607	0.779184	0	0	0	0
0.916523	0.90734	0.893981	0	1.34097	-1.36101	0	0	0	0
0.94673	0.603145	-0.195019	0	-0.292529	-0.904717	0	0	0	0
0.926182	0.6948	1.7592	0	2.63879	-1.0422	0	0	0	0
0.923942	0.747462	-1.52633	0	-2.28949	-1.12119	0	0	0	0
0.90146	-0.207027	0.342863	0	0.514295	0.310541	0	0	0	0
0.995574	-1.48111	1.34013	0	2.0102	2.22167	0	0	0	0
0.90139	0.0349144	-1.4016	0	-2.10239	-0.0523716	0	0	0	0
0.979702	0.00274665	-0.300206	0	-0.45031	-0.00411998	0	0	0	0
0.954889	-0.715922	0.649137	0	0.973705	1.07388	0	0	0	0
0.926945	0.54761	1.70146	0	2.55218	-0.821415	0	0	0	0
0.932358	0.45276	0.65386	0	0.98079	-0.67914	0	0	0	0
0.984805	-0.0947168	0.705176	0	1.05776	0.142075	0	0	0	0
0.970431	1.19315	-0.420911	0	-0.631366	-1.78973	0	0	0	0
0.950591	0.944276	-0.201702	0	-0.302553	-1.41641	0	0	0	0
0.938535	-1.21913	0.937241	0	1.40586	1.82869	0	0	0	0
0.944781	0.331729	0.729074	0	1.09361	-0.497593	0	0	0	0
0.930912	0.429792	-0.0430745	0	-0.0646117	-0.644688	0	0	0	0
0.909976	0.329754	-0.655903	0	-0.983854	-0.494631	0	0	0	0
0.993911	-0.723346	-1.69108	0	-2.53662	1.08502	0	0	0	0
0.910457	-1.07018	0.835595	0	1.25339	1.60527	0	0	0	0
0.952245	-0.689023	-0.481596	0	-0.722394	1.03353	0	0	0	0
0.990994	1.08989	0.975125	0	1.46269	-1.63483	0	0	0	0
0.960464	0.52626	0.553976	0	0.830964	-0.789391	0	0	0	0
0.95655	-1.19399	0.387598	0	0.581396	1.79098	0	0	0	0
0.969809	-0.0207003	-0.70156	0	-1.05234	0.0310504	0	0	0	0
0.937901	-0.633322	0.333295	0	0.499943	0.949983	0	0	0	0
0.989284	-1.49759	-0.518734	0	-0.778101	2.24639	0	0	0	0
0.907137	1.2792	-1.82622	0	-2.73932	-1.9188	0	0	0	0
0.978203	-0.304127	-0.41883	0	-0.628244	0.456191	0	0	0	0
0.969966	0.0104235	1.22127	0	1.83191	-0.0156353	0	0	0	0
0.942794	1.43615	-0.557568	0	-0.836352	-2.15423	0	0	0	0
0.972346	-0.532946	0.476949	0	0.715423	0.799418	0	0	0	0
0.978137	-0.413606	-2.17253	0	-3.25879	0.620409	0	0	0	0
0.917448	0.238386	0.113458	0	0.170188	-0.357579	0	0	0	0
0.97125	0.784219	-0.0665822	0	-0.0998733	-1.17633	0	0	0	0
0.914999	0.0163296	-2.07659	0	-3.11489	-0.0244944	0	0	0	0
0.904167	-0.196066	0.00370787	0	0.00556181	0.294099	0	0	0	0
0.911508	-0.563417	0.992103	0	1.48815	0.845125	0	0	0	0
0.991485	0.0225364	-0.670819	0	-1.00623	-0.0338047	0	0	0	0
0.959019	2.20208	-0.670172	0	-1.00526	-3.30312	0	0	0	0
0.908986	1.25034	-0.871729	0	-1.30759	-1.87551	0	0	0	0
0.981311	2.18304	0.625509	0	0.938264	-3.27456	0	0	0	0
0.987665	0.290399	0.392164	0	0.588246	-0.435598	0	0	0	0
0.946312	-0.419948	-1.25411	0	-1.88117	0.629921	0	0	0	0
0.919911	1.10224	-0.353497	0	-0.530245	-1.65336	0	0	0	0
0.944872	0.435507	-0.71527	0	-1.07291	-0.653261	0	0	0	0
0.926961	1.71618	0.935855	0	1.40378	-2.57426	0	0	0	0
0.912764	0.981277	1.13314	0	1.69971	-1.47192	0	0	0	0
0.972522	-2.79389	-0.0474821	0	-0.0712231	4.19083	0	0	0	0
0.982616	2.02456	0.699872	0	1.04981	-3.03685	0	0	0	0
0.902463	0.551901	-0.693902	0	-1.04085	-0.827851	0	0	0	0
0.935142	-0.92932	0.956027	0	1.43404	1.39398	0	0	0	0
0.978965	0.72829	1.53887	0	2.3083	-1.09243	0	0	0	0
0.984434	-0.548706	-1.59472	0	-2.39208	0.823058	0	0	0	0
0.985725	-0.117211	-0.691143	0	-1.03671	0.175816	0	0	0	0
0.964705	1.3509	-0.295942	0	-0.443912	-2.02635	0	0	0	0
0.925951	0.535714	2.40932	0	3.61398	-0.803571	0	0	0	0
0.930103	-0.568275	0.986344	0	1.47952	0.852412	0	0	0	0
0.993796	-0.609146	0.841375	0	1.26206	0.913718	0	0	0	0
0.981897	-1.53979	0.25906	0	0.388589	2.30969	0	0	0	0
0.975445	0.0242496	2.07439	0	3.11158	-0.0363744	0	0	0	0
0.977914	0.866472	-0.196139	0	-0.294209	-1.29971	0	0	0	0
0.99965	0.58405	0.704821	0	1.05723	-0.876075	0	0	0	0
0.984364	-0.79005	-1.9836	0	-2.9754	1.18508	0	0	0	0
0.954297	-0.177285	-2.32521	0	-3.48782	0.265927	0	0	0	0
0.924609	-0.00694759	-0.382301	0	-0.573451	0.0104214	0	0	0	0
0.94723	-2.15779	0.918586	0	1.37788	3.23669	0	0	0	0
0.935642	-0.0050427	-0.552854	0	-0.829281	0.00756404	0	0	0	0
0.904927	-0.946417	-0.103052	0	-0.154579	1.41963	0	0	0	0
0.945534	0.546052	-0.783985	0	-1.17598	-0.819078	0	0	0	0
0.939839	-1.20151	-0.0792153	0	-0.118823	1.80226	0	0	0	0
0.941142	1.08253	-0.149029	0	-0.223543	-1.62379	0	0	0	0
0.965784	-0.145051	-1.29853	0	-1.94779	0.217576	0	0	0	0
0.993876	0.14195	1.31263	0	1.96894	-0.212925	0	0	0	0
0.971925	-0.191212	0.45207	0	0.678105	0.286818	0	0	0	0
0.984323	0.49397	-0.84932	0	-1.27398	-0.740956	0	0	0	0
0.992315	0.716466	-1.15446	0	-1.73169	-1.0747	0	0	0	0
0.932932	1.0023	-0.777111	0	-1.16567	-1.50346	0	0	0	0
0.976724	1.3912	1.36958	0	2.05437	-2.08681	0	0	0	0
0.908044	0.847173	-0.267272	0	-0.400908	-1.27076	0	0	0	0
0.977372	0.201904	0.499475	0	0.749213	-0.302856	0	0	0	0
0.992256	-0.250289	0.088078	0	0.132117	0.375434	0	0	0	0
0.992537	0.265989	0.425903	0	0.638855	-0.398983	0	0	0	0
0.904271	-2.88901	-0.455489	0	-0.683234	4.33352	0	0	0	0
0.981904	1.45422	0.0579744	0	0.0869617	-2.18133	0	0	0	0
0.931019	-0.965953	-1.68441	0	-2.52661	1.44893	0	0	0	0
0.953413	-0.238804	1.15313	0	1.72969	0.358205	0	0	0	0
0.965479	0.376431	-0.203382	0	-0.305072	-0.564647	0	0	0	0
0.915275	0.88398	-0.420227	0	-0.63034	-1.32597	0	0	0	0
0.918441	0.676556	-1.96938	0	-2.95408	-1.01483	0	0	0	0
0.970725	0.491283	-0.532915	0	-0.799372	-0.736925	0	0	0	0
0.922319	0.353452	0.814614	0	1.22192	-0.530179	0	0	0	0
0.908025	1.007	0.222634	0	0.333951	-1.5105	0	0	0	0
0.900818	-0.690113	0.36642	0	0.54963	1.03517	0	0	0	0
0.981098	0.582418	0.657115	0	0.985673	-0.873627	0	0	0	0
0.970303	0.833691	-0.149053	0	-0.22358	-1.25054	0	0	0	0
0.99482	0.588197	-1.38675	0	-2.08013	-0.882296	0	0	0	0
0.909797	-0.837595	-1.52059	0	-2.28088	1.25639	0	0	0	0
0.909247	0.244599	-0.297003	0	-0.445505	-0.366898	0	0	0	0
0.947877	-0.700547	0.76159	0	1.14239	1.05082	0	0	0	0
0.958762	-0.896781	-0.380462	0	-0.570693	1.34517	0	0	0	0
0.937961	1.07371	2.77659	0	4.16489	-1.61056	0	0	0	0
0.956605	-2.25514	1.9776	0	2.9664	3.38272	0	0	0	0
0.90631	0.188111	-1.79166	0	-2.68749	-0.282167	0	0	0	0
0.919196	-0.727097	0.67692	0	1.01538	1.09065	0	0	0	0
0.961588	0.661842	-0.297469	0	-0.446204	-0.992763	0	0	0	0
0.976717	0.637536	-1.26188	0	-1.89283	-0.956304	0	0	0	0
0.990661	0.658069	-0.336542	0	-0.504812	-0.987104	0	0	0	0
0.997188	0.137328	0.285282	0	0.427923	-0.205992	0	0	0	0
0.930024	-0.932015	1.68721	0	2.53082	1.39802	0	0	0	0
0.941279	-0.672417	-1.05126	0	-1.57689	1.00863	0	0	0	0
0.970826	-1.07488	0.29055	0	0.435826	1.61232	0	0	0	0
0.900244	-1.25077	-0.153044	0	-0.229566	1.87615	0	0	0	0
0.968847	-1.40659	-1.25174	0	-1.87761	2.10989	0	0	0	0
0.924067	-0.877823	-0.565239	0	-0.847858	1.31673	0	0	0	0
0.978879	-0.568637	-0.149895	0	-0.224843	0.852955	0	0	0	0
0.908905	0.80221	0.350379	0	0.525568	-1.20332	0	0	0	0
0.920539	0.956144	1.57374	0	2.3606	-1.43422	0	0	0	0
0.98399	-0.252646	1.43207	0	2.14811	0.378969	0	0	0	0
0.949465	0.0121463	-0.497804	0	-0.746706	-0.0182195	0	0	0	0
0.905799	-0.113578	-0.77753	0	-1.1663	0.170367	0	0	0	0
0.943865	-0.950444	1.44908	0	2.17363	1.42567	0	0	0	0
0.950081	-1.27357	-1.22639	0	-1.83958	1.91036	0	0	0	0
0.984002	0.502089	0.912378	0	1.36857	-0.753133	0	0	0	0
0.941718	0.168803	-0.230459	0	-0.345688	-0.253204	0	0	0	0
0.986904	-2.61835	-0.297813	0	-0.446719	3.92752	0	0	0	0
0.944257	0.514344	0.460977	0	0.691466	-0.771516	0	0	0	0
0.926163	-0.0570575	0.535843	0	0.803764	0.0855863	0	0	0	0
0.907261	1.42598	0.564007	0	0.846011	-2.13896	0	0	0	0
0.902786	-0.757754	1.25824	0	1.88736	1.13663	0	0	0	0
0.999319	-0.15095	0.299739	0	0.449608	0.226426	0	0	0	0
0.94697	-1.50561	-1.11243	0	-1.66864	2.25841	0	0	0	0
0.994262	1.59979	-0.695536	0	-1.0433	-2.39968	0	0	0	0
0.950597	1.03223	0.6403	0	0.96045	-1.54835	0	0	0	0
0.907014	0.898634	1.4444	0	2.1666	-1.34795	0	0	0	0
0.926177	-0.635496	-1.46215	0	-2.19323	0.953244	0	0	0	0
0.968924	0.623725	1.02114	0	1.53172	-0.935588	0	0	0	0
0.940685	-0.292055	-0.147013	0	-0.22052	0.438082	0	0	0	0
0.972836	-2.37577	-0.0237884	0	-0.0356827	3.56365	0	0	0	0
0.975631	-0.614162	-0.115013	0	-0.17252	0.921243	0	0	0	0
0.920587	0.175887	-0.793197	0	-1.1898	-0.263831	0	0	0	0
0.996739	1.40132	-0.537354	0	-0.806032	-2.10198	0	0	0	0
0.945334	-0.389813	-0.466252	0	-0.699379	0.584719	0	0	0	0
0.912284	-1.34266	0.113029	0	0.169543	2.01399	0	0	0	0
0.944092	0.0542408	1.65449	0	2.48174	-0.0813611	0	0	0	0
0.984496	-1.16115	0.0415047	0	0.062257	1.74173	0	0	0	0
0.97546	-1.51745	-0.137754	0	-0.206631	2.27617	0	0	0	0
0.910279	1.66883	-0.745679	0	-1.11852	-2.50324	0	0	0	0
0.945766	-0.16578	1.22394	0	1.83591	0.24867	0	0	0	0
0.985949	0.864112	-0.0994839	0	-0.149226	-1.29617	0	0	0	0
0.964541	-0.79692	-0.062692	0	-0.094038	1.19538	0	0	0	0
0.916613	0.168441	-0.892383	0	-1.33858	-0.252662	0	0	0	0
0.961228	0.26994	1.55962	0	2.33943	-0.40491	0	0	0	0
0.985058	0.461626	-0.806188	0	-1.20928	-0.692439	0	0	0	0
0.91065	-0.316569	0.66856	0	1.00284	0.474854	0	0	0	0
0.926518	1.41791	-0.530633	0	-0.79595	-2.12686	0	0	0	0
0.93971	-0.102444	1.87158	0	2.80737	0.153666	0	0	0	0
0.915627	0.31186	-0.363881	0	-0.545821	-0.46779	0	0	0	0
0.996605	-0.293426	0.908303	0	1.36245	0.440138	0	0	0	0
0.9267	-0.716483	-1.43595	0	-2.15392	1.07472	0	0	0	0
0.996514	-0.414464	-0.170518	0	-0.255776	0.621696	0	0	0	0
0.944732	0.351311	0.531966	0	0.79795	-0.526966	0	0	0	0
0.919515	0.470924	0.804159	0	1.20624	-0.706387	0	0	0	0
0.990893	-0.974106	0.421688	0	0.632533	1.46116	0	0	0	0
0.956895	-1.5574	-0.592324	0	-0.888486	2.3361	0	0	0	0
0.958352	0.221219	0.836892	0	1.25534	-0.331828	0	0	0	0
0.933284	-0.393543	0.178119	0	0.267179	0.590314	0	0	0	0
0.993235	0.634082	-0.232171	0	-0.348256	-0.951124	0	0	0	0
0.96463	-0.953682	-0.552501	0	-0.828751	1.43052	0	0	0	0
0.902799	-1.38082	-0.456393	0	-0.68459	2.07122	0	0	0	0
0.985417	0.261034	-0.114177	0	-0.171265	-0.391551	0	0	0	0
0.936266	-0.222654	-1.76101	0	-2.64151	0.333981	0	0	0	0
0.904592	1.38082	1.27827	0	1.91741	-2.07123	0	0	0	0
0.999301	-0.328609	1.74674	0	2.62011	0.492913	0	0	0	0
0.91581	-1.27561	2.94107	0	4.41161	1.91341	0	0	0	0
0.920634	-0.453044	-0.284972	0	-0.427458	0.679566	0	0	0	0
0.951313	-0.527952	1.009	0	1.5135	0.791929	0	0	0	0
0.995972	0.572558	0.717504	0	1.07626	-0.858836	0	0	0	0
0.940758	0.143614	-1.58369	0	-2.37553	-0.215421	0	0	0	0
0.960179	0.197319	0.987238	0	1.48086	-0.295979	0	0	0	0
0.915252	1.34003	0.74493	0	1.11739	-2.01005	0	0	0	0
0.988088	1.78437	0.35057	0	0.525855	-2.67656	0	0	0	0
0.957581	-0.222599	0.211042	0	0.316563	0.333899	0	0	0	0
0.969053	0.30299	-0.647937	0	-0.971906	-0.454486	0	0	0	0
0.956656	-1.58431	0.268278	0	0.402417	2.37647	0	0	0	0
0.998394	0.288889	1.01675	0	1.52513	-0.433334	0	0	0	0
0.942532	0.923303	-0.935525	0	-1.40329	-1.38495	0	0	0	0
0.986065	0.993209	0.859452	0	1.28918	-1.48981	0	0	0	0
0.920553	0.271764	-1.25138	0	-1.87708	-0.407647	0	0	0	0
0.977379	-0.768736	-0.135197	0	-0.202795	1.1531	0	0	0	0
0.970703	0.657554	-1.89995	0	-2.84992	-0.986331	0	0	0	0
0.953143	-0.170067	1.40246	0	2.10369	0.2551	0	0	0	0
0.905809	1.35306	-1.99609	0	-2.99414	-2.02959	0	0	0	0
0.92264	-1.16635	-0.85217	0	-1.27825	1.74952	0	0	0	0
0.92786	-0.474271	-1.82225	0	-2.73337	0.711407	0	0	0	0
0.966079	-1.13273	0.780456	0	1.17068	1.69909	0	0	0	0
0.915925	0.370711	0.804392	0	1.20659	-0.556067	0	0	0	0
0.962673	-0.0624424	0.341693	0	0.51254	0.0936636	0	0	0	0
0.975322	0.442152	0.184198	0	0.276297	-0.663229	0	0	0	0
0.985965	-0.289888	-0.26495	0	-0.397425	0.434831	0	0	0	0
0.997961	-0.686813	1.01379	0	1.52069	1.03022	0	0	0	0
0.919365	-0.999454	0.901795	0	1.35269	1.49918	0	0	0	0
0.958598	-0.83282	1.71367	0	2.57051	1.24923	0	0	0	0
duration	185475 microseconds
